55
23
23
10
20
27
43
35
67
45
9
46
23
74
10
60
40
24
34
27
10
31
53
36
54
36
18
24
20
22
19
29
39
39
20
35
15
39
36
31
22
44
42
29
15
46
7
63
30
19
11
5
36
29
14
8
11
35
20
113
17
51
42
35
42
26
14
75
26
12
25
26
8
6
38
18
14
54
56
38
30
18
31
9
11
31
33
23
27
14
47
52
7
36
17
28
24
10
31
8
41
39
32
26
17
25
52
47
32
13
12
14
33
21
17
30
26
18
25
22
38
27
28
12
27
43
25
7
15
31
33
16
31
86
36
18
20
27
14
52
24
17
14
43
24
21
21
29
18
9
13
15
30
41
15
7
21
19
12
8
60
34
25
25
23
37
26
16
20
17
18
14
28
47
23
21
24
23
18
21
33
19
37
19
11
36
30
32
25
12
7
12
19
21
46
41
14
48
15
19
13
12
27
16
12
18
22
9
19
9
43
23
14
7
28
14
38
19
18
5
12
7
33
22
18
26
8
18
18
14
7
28
8
26
12
22
17
7
4
33
6
24
23
32
15
20
26
26
21
31
15
14
11
12
20
11
17
4
9
19
12
17
9
18
36
8
12
37
15
27
17
11
7
62
14
18
8
32
8
5
15
22
10
21
10
18
31
17
10
11
15
36
11
7
36
17
14
19
14
7
2
10
5
21
15
18
14
9
25
6
8
5
12
28
8
10
10
5
6
12
3
0
16
17
33
13
11
23
8
9
15
21
13
9
12
5
8
20
7
14
10
10
21
8
11
7
0
10
40
6
21
31
4
11
8
2
23
5
3
10
11
11
16
3